1,cast